36931
14993
24970
49080
17219
44169
7092
31153
11016
29061
55993
41251
8198
13164
44347
14665
25367
33082
7082
62042
4336
55166
49415
9976
20018
6113
12407
25682
49571
57953
4940
23038
51559
54667
18990
48282
16754
39761
37639
47427
42917
40645
46127
20966
8500
30547
15163
57266
38023
16703
58556
31961
26712
35288
55190
19732
35260
38989
26481
41190
19103
15046
4177
29106
25332
26270
60472
23027
44202
29353
63282
59928
63723
5233
44922
48813
10851
861
57283
33943
28449
21048
10555
46471
60619
20467
5068
18379
39657
24677
61950
27134
44624
31604
25796
26023
864
61388
24858
42900
24157
53757
58831
56355
39023
37501
15678
65159
31520
4300
63635
35910
11190
22472
57167
28076
51108
30302
2219
48822
44429
30380
53118
38508
26725
48109
37326
62429
62363
62017
55676
33287
12247
56359
7285
40766
37999
26196
11730
34173
27575
34171
46636
21929
38836
27137
38906
40508
46897
35958
36949
6712
10031
50570
55854
1572
47421
38538
23760
26564
41970
64210
57279
5916
4713
6245
29049
5935
9392
32932
21974
25831
3644
63425
2957
64221
39678
54629
40776
53018
15973
19679
59070
21389
23036
40229
53987
11792
47426
10594
57992
31257
59423
58218
5743
9386
14057
22285
64395
34327
53945
45486
15716
22728
46672
56094
7444
29199
63422
28311
62108
7374
3533
11088
65108
39713
2550
54396
1550
25168
5430
44941
25531
19884
49772
46842
63398
36452
42343
19919
62767
63138
55743
6967
61666
16756
30251
7440
31931
15064
15631
50422
44967
10221
6446
55649
53793
40653
10575
58402
12613
40291
885
37163
24324
59728
62303
43822
2411
35992
5126
14930
23090
48713
7898
35685
35791
1722
32245
50197
34130
14606
10282
39786
35663
64077
60169
2454
38777
6718
31928
61868
10542
31033
37884
32482
59861
65308
51198
64426
62214
1593
20832
41599
55926
1761
36859
50225
24155
15086
55772
30693
33435
44799
58453
21262
12536
54694
16218
57923
46756
17038
38922
56982
10532
23756
46519
54144
57457
13573
31619
39743
57404
3089
60145
28034
44465
29472
45657
53677
24824
9505
42668
43689
61308
40927
15365
46726
38516
31819
6289
48287
5197
64587
14767
62530
65112
14384
25781
13922
19261
64181
49445
224
43833
55913
45646
35192
55002
6764
40366
6359
7335
21413
3167
30160
1252
65456
29712
48679
9408
23984
2491
18901
62319
17735
49254
15599
44529
41472
61471
1203
6237
26866
44908
2913
50862
44606
58449
39768
32739
61198
20551
5152
12795
24383
49412
26523
52502
20987
7960
12246
43061
27323
22577
6770
63963
58763
32455
7153
36915
34880
10904
55563
1609
2311
34400
27119
29797
18009
2092
15438
8426
29034
35436
24720
487
5103
37895
14001
36678
42800
21650
22702
53957
24229
4977
27308
54267
23185
43133
9995
12769
34513
63033
41082
33718
32075
58869
39986
7162
9695
42009
7828
40535
30335
32480
15868
36047
63048
50264
4568
420
9294
33923
59005
61217
29005
39631
17251
31758
42837
23456
61050
64024
35053
43514
57839
33631
33740
15405
30439
8879
14419
23881
9511
56029
35556
39916
5462
7364
65273
651
9149
43057
3398
11820
12250
38701
18767
48298
14151
27564
6981
36543
35724
17352
33988
13009
5456
19897
43716
34144
52412
4247
17412
23215
54954
4854
14056
34601
45341
6043
50340
60031
5065
22627
11700
50969
20835
59494
16380
2225
63447
39841
20844
62217
56066
54043
30926
63944
34423
48118
25970
65107
60153
16860
18025
22088
46340
31080
29033
51954
29861
63965
20228
61525
50904
47175
31628
34098
22703
24914
10016
1909
8533
11515
35362
56381
49318
57257
40907
23659
367
33864
35706
50029
27301
64816
6884
34959
27140
21330
39648
17821
48556
56671
47949
48971
29629
26620
44362
64401
55558
51748
61283
42760
7938
55332
14021
38664
56460
61636
37647
26294
17833
11568
23199
60887
13273
6741
13498
53292
40841
9194
60398
5591
34478
23690
34359
44916
62802
43374
60648
42981
53802
8139
19958
60781
24256
34906
41026
4270
64355
52655
35035
12379
44183
7555
17818
28475
30733
49178
17569
33779
45366
20142
44562
47251
7388
36634
16775
46910
42637
30030
29543
26096
59306
34207
19609
45803
28878
22062
15081
7688
53558
2355
57900
50858
61602
15451
37800
29547
4378
35507
22356
30691
50515
56370
27605
6139
1340
25355
17020
8410
34284
31875
50288
54657
34157
9432
24865
10490
33479
25714
26960
45680
25237
10835
47312
55866
45317
61262
13714
19939
62021
65034
65167
15073
55485
12702
4397
29292
27718
12809
12888
16954
12783
9261
63976
21958
33755
14936
63027
65400
36200
34973
25959
15400
62480
25431
35190
2081
10661
476
44184
38148
12852
4184
44983
34661
44955
58604
30225
1031
1325
29933
31471
12926
24083
18359
21973
34306
45175
24362
29781
60388
38450
5560
51291
6230
26740
38048
55906
37690
48423
6204
13191
7614
1006
38789
61804
14040
18715
31462
10893
13559
8624
11924
60501
34666
43303
30842
36972
43412
57061
22061
5289
34009
34031
19140
7786
55648
46291
544
61039
11431
30825
63150
62662
17674
13782
40867
42911
1696
25732
63933
46578
28330
49109
17566
21435
10073
49147
49416
36542
37569
39211
51856
48513
5612
37403
2474
55804
40075
49534
42485
7918
19782
12236
46730
25324
49538
32431
49588
36121
55647
57362
61264
46469
11645
56716
15117
53279
61419
20528
8302
56158
4367
19635
38900
38805
21075
15711
1957
739
18866
53493
27929
59650
6949
19374
55643
2292
48362
27203
27611
40637
9650
60554
32024
25222
11420
44723
1346
16790
21934
36774
17579
33296
11659
11128
8135
57226
57264
54447
18302
25933
48438
50360
28265
54776
39725
50986
47389
35568
59718
50306
56001
16544
60090
14211
42731
22473
14182
13322
3452
37078
22497
8643
63845
15144
55373
2151
48828
62103
58833
47062
7903
20310
45887
36881
33508
31683
35503
43162
39773
23122
19144
57011
65485
32690
64882
23951
57449
16213
58921
18103
37584
49971
54127
4833
23066
11859
25456
3009
24641
22423
4565
32210
21678
62694
45227
24377
56803
11364
43684
59766
38246
60989
63039
35233
51213
36107
50826
18174
43000
12913
10115
49806
63649
17383
58545
14813
52099
14090
4207
22893
24472
53042
16167
10829
35179
60532
9009
49343
36761
1159
43413
3319
12878
44207
17201
48807
41967
17546
21634
40705
36226
40609
12439
22090
5972
36412
53732
21460
8833
57565
2348
44788
60002
52632
36222
47030
30155
34907
28424
45067
60247
3992
49807
37575
918
28221
24643
48768
45456
56153
11688
8544
29185
58803
32059
56116
19501
46111
34591
35730
51382
34225
11551
42795
13753
7503
4432
65203
48514
27163
22315
38772
32053
19730
63067
50472
22972
6580
43988
19287
61875
49379
33545
8948
8930
18402
42041
60204
17814
8348
6534
20812
19506
44103
32091
57736
65097
7594
17849
21602
33911
57615
19711
15167
24872
34506
46092
18033
58541
6633
24772
26456
24721
18663
50679
48823
41047
8566
34510
50041
42720
11651
27659
23540
61982
49047
51517
11784
4105
127
56807
59016
15021
15437
33725
29937
30471
34579
40100
238
11497
34483
51786
28574
13961
62697
26557
17236
7641
62577
37887
17934
29359
63727
29171
30658
31103
25409
9370
44360
6685
29381
9171
39530
36704
54872
1382
64284
11456
55021
29522
48778
51923
41263
5408
12189
5875
9788
42161
26365
12415
7187
36736
36877
7136
22488
31137
35737
47471
20010
10808
37671
34191
60529
33582
40126
6109
53652
46344
29089
36687
930
56855
13231
23950
58198
14209
21170
58603
32710
38176
49651
41635
27592
44924
55114
39085
49969
55392
53002
4944
55085
18703
55247
63799
61320
18865
31703
56589
15085
54268
56231
2392
13807
33089
49547
6363
44683
45035
39821
50459
27709
28887
38849
22647
51219
13232
9567
64612
32942
64239
22407
63207
19098
19388
23852
32519
26188
52090
5296
33310
27415
38129
36874
43787
29379
52230
37175
36371
11200
25439
16970
63139
23471
52423
40287
570
15027
4036
15228
47306
32345
41476
16243
52031
52848
27879
39521
40840
49779
29552
48878
51524
51146
53290
40483
62849
12831
53005
41870
444
52904
2094
21301
465
55307
64241
26471
15837
40743
51801
14745
53573
57746
52095
57044
62490
10511
45838
8640
45272
45033
53324
15344
24496
39861
33989
10153
40135
9262
65093
42006
18661
44102
59370
63795
54142
64265
6799
63194
63639
64501
46136
58649
62069
31583
1600
38344
65033
10017
41250
41536
62712
6542
60803
94
29870
56149
720
11334
15549
8620
27325
41595
48477
23507
57248
41689
27276
62831
51220
58968
37663
44988
39524
23439
9015
56075
34625
46106
12068
16851
47743
48275
21184
45945
3469
49639
34678
26528
58271
19069
49605
50382
6616
48093
44824
16743
34560
52157
31371
40751
6233
57199
61327
51404
5237
50338
6538
38662
61306
17421
29104
51440
9355
49978
4011
3109
63620
65210
25178
57240
9373
32117
48099
40132
58854
46882
1891
59009
21984
22618
21033
9797
20546
35894
5823
6042
19401
63453
42178
32227
64509
3863
20167
17788
42133
57259
50690
62094
3634
41819
21835
9877
23438
16602
41137
22994
40400
46393
14157
28758
39443
56276
58168
52407
54645
63439
43608
63921
20852
6785
36585
42649
64709
64583
61288
13170
25058
25766
32802
16236
41380
57819
6654
6913
42964
65224
58210
19008
11689
62970
46904
4656
22217
6383
59866
8938
2715
3187
903
30894
18670
15842
12161
30679
5622
25209
30626
6
55571
12143
28859
62795
56090
49408
4219
48698
45593
12801
53114
25067
31315
33783
4502
41876
46965
28754
35283
10763
21575
40644
42686
60949
7920
46289
30338
51212
58069
42623
30205
54338
33903
60737
34660
30974
9933
52522
11716
42744
45608
9769
49515
24067
38520
47321
265
56648
32314
31973
10992
1652
3359
6250
2785
51191
30767
43010
22535
60440
61305
45788
2121
28503
12794
30455
28658
14804
41119
11678
44306
8458
52288
31513
52714
60180
11239
59585
1201
45491
7085
41866
60942
36801
19228
3362
529
5018
45810
13168
11984
58032
11455
3656
58244
59252
59606
13885
28012
39718
27283
5616
22266
62791
31508
37504
9786
4573
33558
3309
41989
51420
49481
65053
24050
46408
46896
4973
5129
9864
59482
18769
61653
38190
1822
27962
31501
59556
39814
27190
25770
47362
1767
19210
43316
47065
54868
39938
45360
57030
9535
18707
1427
51235
4481
56646
25511
63843
7112
16882
43491
14400
41420
33196
13202
17171
43385
58474
56814
46694
43457
11850
17608
34763
30110
42907
53013
50150
45436
64878
30969
32477
36281
32555
36858
61981
60405
25757
47507
49929
25789
54452
43328
59699
15852
14292
38348
16079
21758
60735
48614
37619
64235
24133
19858
36221
9206
23616
32176
60259
11018
38995
8012
8001
54922
63228
49308
42804
53213
3314
27656
61834
42443
25411
3537
40362
25260
27788
6615
5022
44339
21693
5613
38539
54713
64769
23449
36849
23886
7263
29454
62744
18770
63251
1461
53456
2959
30427
56186
11162
53574
26002
7659
25738
31585
3676
17790
9469
59220
65502
57080
42104
49621
13375
65427
45202
20953
5802
3424
1405
35255
17749
18747
52789
35851
60592
47484
24426
18182
56295
46277
49900
36287
20807
12412
42632
27444
4750
58288
63618
15290
40409
4546
9055
33777
1655
8027
2260
35334
29549
61689
23407
54307
32763
23334
6797
4269
55880
32681
55414
22261
56174
38864
47422
44134
11489
8920
36490
36225
30745
49568
17908
25775
5629
35384
15614
54791
11811
20127
1648
31359
37785
12824
45827
28753
55380
30319
54574
59605
54974
32432
21297
39665
38149
32514
55750
2185
23912
12948
51881
49459
59151
12720
29856
1698
1568
54354
6108
56509
52213
45329
7069
10843
33374
31222
38947
21228
51953
7609
6910
49684
33753
18436
22748
11150